RHF
0.103300 
0.102951 
0.103003 
0.103417 
0.104164 
0.105216 
0.106550 
0.109979 
0.114305 
0.119441 
0.125375 
0.132146 
0.139762 
0.148135 
0.157031 
0.166129 
0.175101 
0.183682 
0.191702 
0.199075 
0.205779 
0.211832 
0.217275 
0.222159 
0.226539 
0.230468 
0.233998 
0.237175 
0.240042 
0.242633 
UHF
0.093718 
0.093967 
0.094723 
0.095894 
0.097415 
0.099233 
0.101308 
0.106086 
0.111529 
0.113119 
0.106530 
0.097833 
0.089716 
0.083080 
0.078119 
0.074650 
0.072340 
0.070854 
0.069917 
0.069333 
0.068970 
0.068746 
0.068606 
0.068520 
0.068465 
0.068430 
0.068406 
0.068392 
0.068382 
0.068375 
MP2
0.024536 
0.024592 
0.024792 
0.025140 
0.025643 
0.026302 
0.027122 
0.029250 
0.032035 
0.035486 
0.039626 
0.044472 
0.049980 
0.056000 
0.062240 
0.068329 
0.073901 
0.078672 
0.082459 
0.085182 
0.086828 
0.087438 
0.087080 
0.085837 
0.083797 
0.081053 
0.077690 
0.073793 
0.069439 
0.064694 
UMP2
0.029367 
0.029847 
0.030523 
0.031348 
0.032289 
0.033321 
0.034426 
0.036810 
0.039420 
0.049633 
0.047664 
0.043484 
0.038020 
0.033000 
0.029043 
0.026208 
0.024303 
0.023078 
0.022311 
0.021839 
0.021552 
0.021378 
0.021273 
0.021211 
0.021173 
0.021149 
0.021135 
0.021126 
0.021121 
0.021117 
CCSD
0.002575 
0.002570 
0.002592 
0.002639 
0.002712 
0.002809 
0.002936 
0.003284 
0.003782 
0.004445 
0.005288 
0.006320 
0.007517 
0.008818 
0.010123 
0.011326 
0.012356 
0.013188 
0.013828 
0.014305 
0.014652 
0.014901 
0.015076 
0.015200 
0.015285 
0.015344 
0.015383 
0.015409 
0.015428 
0.015438 
UCCSD
0.002847 
0.002833 
0.002844 
0.002879 
0.002937 
0.003020 
0.003132 
0.003452 
0.003922 
0.005415 
0.007325 
0.008815 
0.009385 
0.008780 
0.007354 
0.005768 
0.004449 
0.003501 
0.002872 
0.002473 
0.002227 
0.002078 
0.001987 
0.001935 
0.001903 
0.001884 
0.001873 
0.001866 
0.001863 
0.001860 
CCSD_T
0.000486 
0.000482 
0.000483 
0.000487 
0.000497 
0.000511 
0.000532 
0.000592 
0.000676 
0.000761 
0.000803 
0.000711 
0.000332 
-0.000539 
-0.002119 
-0.004532 
-0.007736 
-0.011519 
-0.015576 
-0.019594 
-0.023321 
-0.026596 
-0.029347 
-0.031566 
-0.033292 
-0.034587 
-0.035521 
-0.036160 
-0.036568 
-0.036800 
UCCSD_T
0.000701 
0.000685 
0.000669 
0.000653 
0.000638 
0.000623 
0.000612 
0.000600 
0.000610 
0.001196 
0.002196 
0.003401 
0.004671 
0.005301 
0.004881 
0.003844 
0.002777 
0.001937 
0.001355 
0.000978 
0.000742 
0.000599 
0.000513 
0.000463 
0.000433 
0.000415 
0.000404 
0.000398 
0.000395 
0.000393 
