UHF
-24.98791692 
-25.06872266 
-25.11194566 
-25.13209042 
-25.13801602 
-25.13524515 
-25.12726463 
-25.10374110 
-25.07715592 
-25.05571910 
-25.04509832 
-25.03963643 
-25.03665216 
-25.03501283 
-25.03410716 
-25.03360295 
-25.03331969 
-25.03315888 
-25.03306638 
-25.03301251 
-25.03298094 
-25.03296240 
-25.03295140 
-25.03294467 
-25.03294037 
-25.03293756 
-25.03293573 
-25.03293461 
-25.03293396 
-25.03293360 
UMP2
-25.05226917 
-25.13284175 
-25.17614537 
-25.19663654 
-25.20314172 
-25.20115707 
-25.19414608 
-25.17301729 
-25.14926474 
-25.11920450 
-25.10396392 
-25.09398510 
-25.08834777 
-25.08509345 
-25.08318310 
-25.08204483 
-25.08135694 
-25.08093516 
-25.08067247 
-25.08050627 
-25.08039962 
-25.08033026 
-25.08028447 
-25.08025368 
-25.08023258 
-25.08021792 
-25.08020764 
-25.08020041 
-25.08019528 
-25.08019157 
UCCSD
-25.07878749 
-25.15985566 
-25.20382281 
-25.22510495 
-25.23249330 
-25.23145641 
-25.22543870 
-25.20637378 
-25.18476255 
-25.16342436 
-25.14430254 
-25.12865391 
-25.11698242 
-25.10931293 
-25.10487188 
-25.10248371 
-25.10121068 
-25.10051150 
-25.10011102 
-25.09987196 
-25.09972437 
-25.09963074 
-25.09956991 
-25.09952942 
-25.09950179 
-25.09948265 
-25.09946926 
-25.09945983 
-25.09945311 
-25.09944815 
UCCSD(T)
-25.08093300 
-25.16200381 
-25.20599824 
-25.22733081 
-25.23479279 
-25.23385362 
-25.22795935 
-25.20922572 
-25.18807449 
-25.16764328 
-25.14943102 
-25.13406732 
-25.12169626 
-25.11279060 
-25.10734383 
-25.10440537 
-25.10288238 
-25.10207586 
-25.10162849 
-25.10136757 
-25.10120884 
-25.10110901 
-25.10104442 
-25.10100154 
-25.10097231 
-25.10095208 
-25.10093791 
-25.10092792 
-25.10092079 
-25.10091552 
FCI
-25.081635 
-25.162689 
-25.206668 
-25.227984 
-25.235431 
-25.234478 
-25.228572 
-25.209827 
-25.188685 
-25.168838 
-25.151628 
-25.137469 
-25.126368 
-25.118093 
-25.112226 
-25.108253 
-25.105660 
-25.104013 
-25.102983 
-25.102345 
-25.101951 
-25.101708 
-25.101557 
-25.101464 
-25.101405 
-25.101367 
-25.101342 
-25.101326 
-25.101316 
-25.101308 

