RHF
-24.97833501 
-25.05973858 
-25.10366547 
-25.12456730 
-25.13126693 
-25.12926223 
-25.12202196 
-25.09984847 
-25.07437992 
-25.04939723 
-25.02625317 
-25.00532345 
-24.98660593 
-24.96995852 
-24.95519521 
-24.94212377 
-24.93055957 
-24.92033091 
-24.91128129 
-24.90327015 
-24.89617213 
-24.88987586 
-24.88428259 
-24.87930502 
-24.87486631 
-24.87089908 
-24.86734445 
-24.86415112 
-24.86127444 
-24.85867561 
MP2
-25.05709948 
-25.13809666 
-25.18187636 
-25.20284430 
-25.20978833 
-25.20817620 
-25.20145012 
-25.18057743 
-25.15665009 
-25.13335212 
-25.11200226 
-25.09299741 
-25.07638778 
-25.06209312 
-25.04998635 
-25.03992447 
-25.03175917 
-25.02534124 
-25.02052362 
-25.01716338 
-25.01512276 
-25.01426952 
-25.01447748 
-25.01562741 
-25.01760762 
-25.02031439 
-25.02365205 
-25.02753296 
-25.03187741 
-25.03661367 
CCSD
-25.07906038 
-25.16011940 
-25.20407594 
-25.22534522 
-25.23271984 
-25.23166943 
-25.22563684 
-25.20654282 
-25.18490343 
-25.16439372 
-25.14634003 
-25.13114936 
-25.11885167 
-25.10927486 
-25.10210364 
-25.09692725 
-25.09330390 
-25.09082538 
-25.08915546 
-25.08804038 
-25.08729927 
-25.08680759 
-25.08648130 
-25.08626440 
-25.08611992 
-25.08602362 
-25.08595950 
-25.08591678 
-25.08588849 
-25.08587003 
CCSD(T)
-25.08114873 
-25.16220678 
-25.20618514 
-25.22749670 
-25.23493403 
-25.23396692 
-25.22804005 
-25.20923475 
-25.18800925 
-25.16807656 
-25.15082495 
-25.13675782 
-25.12603590 
-25.11863231 
-25.11434548 
-25.11278530 
-25.11339581 
-25.11553209 
-25.11855933 
-25.12193878 
-25.12527170 
-25.12830398 
-25.13090416 
-25.13302993 
-25.13469727 
-25.13595428 
-25.13686275 
-25.13748598 
-25.13788383 
-25.13810805 
FCI
-25.081635 
-25.162689 
-25.206668 
-25.227984 
-25.235431 
-25.234478 
-25.228572 
-25.209827 
-25.188685 
-25.168838 
-25.151628 
-25.137469 
-25.126368 
-25.118093 
-25.112226 
-25.108253 
-25.105660 
-25.104013 
-25.102983 
-25.102345 
-25.101951 
-25.101708 
-25.101557 
-25.101464 
-25.101405 
-25.101367 
-25.101342 
-25.101326 
-25.101316 
-25.101308 

