****
H      1   1
S      5    3
              34.0613410
               5.1235746
               1.1646626
               0.32723041
               0.10307241
      0.0254393168         0.00000000             0.00000000
      0.1900859340         0.00000000             0.00000000
      0.8524411390             0.00000000             0.00000000
      0.00000000             1.0000000              0.00000000
      0.00000000             0.00000000             1.0000000
P      1    1
               0.8000000
      1.0000000
****
C      6   2
S     11    5
           13575.3496820
            2035.2333680
             463.22562359
             131.20019598
              42.853015891
              15.584185766
               6.2067138508
               2.5764896527
               0.57696339419
               0.22972831358
               0.95164440028E-01
      0.0006064601      0.00000000             0.00000000             0.00000000             0.00000000
      0.0046978985      0.00000000             0.00000000             0.00000000             0.00000000
      0.0243324735      0.00000000             0.00000000             0.00000000             0.00000000
      0.0973999560      0.00000000             0.00000000             0.00000000             0.00000000
      0.3019558443          0.00000000             0.00000000             0.00000000             0.00000000
      0.6623361013          0.00000000             0.00000000             0.00000000             0.00000000
      0.00000000             0.6559530795          0.00000000             0.00000000             0.00000000
      0.00000000             0.3758563390          0.00000000             0.00000000             0.00000000
      0.00000000             0.00000000             1.0000000              0.00000000             0.00000000
      0.00000000             0.00000000             0.00000000             1.0000000              0.00000000
      0.00000000             0.00000000             0.00000000             0.00000000             1.0000000
P      6    3
              34.697232244
               7.9582622826
               2.3780826883
               0.81433208183
               0.28887547253
               0.10056823671
      0.0113272290      0.00000000             0.00000000
      0.0761696612      0.00000000             0.00000000
      0.3019225154          0.00000000             0.00000000
      0.7278502776          0.00000000             0.00000000
      0.00000000             1.0000000000          0.00000000
      0.00000000             0.00000000            1.0000000000
D      1    1
               0.8000000000
      1.0000000
****
N      7   2
S     11    5
           19730.8006470
            2957.8958745
             673.22133595
             190.68249494
              62.295441898
              22.654161182
               8.9791477428
               3.6863002370
               0.84660076805
               0.33647133771
               0.13647653675
      0.0005862644      0.00000000             0.00000000             0.00000000             0.00000000
      0.0045428797      0.00000000             0.00000000             0.00000000             0.00000000
      0.0235584125      0.00000000             0.00000000             0.00000000             0.00000000
      0.0947091862      0.00000000             0.00000000             0.00000000             0.00000000
      0.2971978431          0.00000000             0.00000000             0.00000000             0.00000000
      0.6691624804          0.00000000             0.00000000             0.00000000             0.00000000
      0.00000000             0.6459668371          0.00000000             0.00000000             0.00000000
      0.00000000             0.3870057430          0.00000000             0.00000000             0.00000000
      0.00000000             0.00000000             1.0000000              0.00000000             0.00000000
      0.00000000             0.00000000             0.00000000             1.0000000              0.00000000
      0.00000000             0.00000000             0.00000000             0.00000000             1.0000000
P      6    3
              49.200380510
              11.346790537
               3.4273972411
               1.1785525134
               0.41642204972
               0.14260826011
      0.0114488217      0.00000000             0.00000000
      0.0784223390      0.00000000             0.00000000
      0.3081809485          0.00000000             0.00000000
      0.7202719630          0.00000000             0.00000000
      0.00000000             1.0000000000          0.00000000
      0.00000000             0.00000000             1.0000000000
D      1    1
               1.0000000000
      1.0000000
****
O      8   2
S     11    5
           27032.3826310
            4052.3871392
             922.32722710
             261.24070989
              85.354641351
              31.035035245
              12.260860728
               4.9987076005
               1.1703108158
               0.46474740994
               0.18504536357
      0.0005722654      0.00000000             0.00000000             0.00000000             0.00000000
      0.0044353333      0.00000000             0.00000000             0.00000000             0.00000000
      0.0230201034      0.00000000             0.00000000             0.00000000             0.00000000
      0.0928224938      0.00000000             0.00000000             0.00000000             0.00000000
      0.2937849971          0.00000000             0.00000000             0.00000000             0.00000000
      0.6740160462          0.00000000             0.00000000             0.00000000             0.00000000
      0.00000000             0.6383993750          0.00000000             0.00000000             0.00000000
      0.00000000             0.3953458663          0.00000000             0.00000000             0.00000000
      0.00000000             0.00000000             1.0000000              0.00000000             0.00000000
      0.00000000             0.00000000             0.00000000             1.0000000              0.00000000
      0.00000000             0.00000000             0.00000000             0.00000000             1.0000000
P      6    3
              63.274954801
              14.627049379
               4.4501223456
               1.5275799647
               0.52935117943
               0.17478421270
      0.0120183316      0.00000000             0.00000000
      0.0830054304      0.00000000             0.00000000
      0.3199174388          0.00000000             0.00000000
      0.7071554258          0.00000000             0.00000000
      0.00000000             1.0000000000          0.00000000
      0.00000000             0.00000000            1.0000000000
D      1    1
               1.2000000000
      1.0000000
****